[header-bg.JPG]
filters=dir_tint=1,0.489529,1.017682,0.000000,0.538012,ff4a4a4a,0;
moddate=7543e423473ed301
width=1920
height=1280
textactive=0
